U	V	H
14	63	205
